bins	SAMPLE_12	SAMPLE_13	SAMPLE_14	SAMPLE_15	SAMPLE_16	SAMPLE_17	SAMPLE_18	SAMPLE_19	SAMPLE_21	SAMPLE_22
year_1978_Bin_0_MAG_00001	0.011402535580448011	0.13617358101336377	0.18763463680517217	0.009191634197283294	0.006531906541343856	0.010279362232487578	0.014176574370026026	0.01205628006759421	0.01293288695869469	0.00399490828082258
year_1978_Bin_10_MAG_00001	1.6885084310928853	0.8519713031639801	1.0868129661562538	1.1736407678894631	0.33920235657964737	0.810630070403438	0.5456176740713446	0.3091133914197923	1.10373035407347	1.0893926314794382
year_1978_Bin_10_MAG_00002	0.9038752837202082	1.0735260304750758	1.4385663079041562	1.122181427162295	0.2879860775319102	0.7711330333949025	0.36479887156880286	0.2304986880274718	0.2838812669416811	0.23771025539464666
year_1978_Bin_11_MAG_00001	0.11812383872030989	1.0770962101081285	0.8009716100842101	0.09833213255433404	0.1008997091878553	0.14689294787841312	0.11810414983388413	0.08968980524045235	0.14650172241295326	0.16457138023469153
year_1978_Bin_11_MAG_00002	0.15786118165085353	0.21797870587563165	0.1616144387377862	0.13954532018603172	0.10452361455299974	0.2126054956692232	0.1741758027937878	0.1313337765814311	0.24598654855181243	0.23796047364067593
year_1978_Bin_12_MAG_00001	9.609183044232804	7.165448302142513	0.25860097932198334	1.0983674681889302	1.3399058690802126	0.5560240409749669	0.4161062518361114	0.39808983406715215	0.20297771512186147	0.15330016678696226
year_1978_Bin_13_MAG_00001	0.057971046612648715	0.052425250234242986	0.06216986059985297	0.0540542107136671	0.03841073467055276	0.08025464633060243	0.0494789713221124	0.035967720157716786	0.07185684787367382	0.18040664854551133
year_1978_Bin_13_MAG_00002	0.893163487456482	0.283480265763925	0.6699232537163367	0.22669972167322158	0.10398969887822707	0.3083948498571785	0.12382939185128591	0.029725049096509262	0.3013910067946015	0.03753450342761048
year_1978_Bin_13_MAG_00003	4.336996483040533	1.454954667404134	1.067423704598377	0.5030477959253455	0.06463357311330653	0.15445332065737677	0.05781247860159224	0.019958336333712228	0.17251158882542567	0.7538195743688271
year_1978_Bin_13_MAG_00004	0.05132744513963864	0.08533371489522223	0.12691051940112127	0.07662109603652588	0.04657309728527388	0.10737411709614059	0.07180821311965868	0.042725392510113556	0.06165172938590215	0.05652145635235506
year_1978_Bin_13_MAG_00005	0.013283722108266002	0.025580996212506226	0.02429294839643879	0.005252169102515609	0.0025027785507545828	0.02503778329137041	0.014448463923830217	0.006530219134758462	0.12282610687964168	0.0007398360030193307
year_1978_Bin_14_MAG_00001	0.824224818873697	0.06905281586614694	0.09666623851065076	1.3246798187704114	0.1503571582223894	1.5979131976063232	0.49189814401356347	0.12637457107387276	1.0561730338436364	0.06018237582478924
year_1978_Bin_15_MAG_00001	0.2552929621451297	0.10248541371569482	0.05183297404659397	0.1391348456872921	0.0818313050453645	0.7814757466159034	0.32369186567248953	0.5084022415298187	0.07409229489416697	0.0043538212700662444
year_1978_Bin_15_MAG_00002	1.2320220812877942	1.6155373885927393	1.416010197846653	1.7516086892395861	2.108963991487748	8.441136933482227	3.3559330818988222	2.030076062451276	1.4130861128084111	0.6095535281599629
year_1978_Bin_15_MAG_00003	0.02560851973629738	0.035392490400025026	0.01649613333063473	0.020342563170319287	0.014321304308627006	0.03122866800002208	0.05027866146817519	0.023096978606821455	0.030499125100507646	0.016695768651182816
year_1978_Bin_15_MAG_00004	0.2646952486090081	0.2109352975124018	0.4439623813861458	0.21232357477373132	0.2648331915697949	1.5097651953421125	1.1731650670511373	0.9498370222015777	0.030369570506749353	0.00442302239863907
year_1978_Bin_15_MAG_00005	0.2450964692512333	0.07713112364815751	0.05569867795246828	0.07537811002180658	0.045490906541607784	0.3220770499485276	0.18729572465399105	0.16671192794601117	0.059285142370092136	0.03472671657706655
year_1978_Bin_15_MAG_00006	0.13354991872746186	0.20091334852399953	0.12504731620371892	0.033114450607184855	0.05963909267402025	0.13411506240437354	0.041673249406493106	0.10038457338014235	0.026549029129816576	0.0029179651010525667
year_1978_Bin_15_MAG_00007	0.33212857902926934	8.560043964914797	2.707915185741758	0.6821108162696871	0.4866483257139712	8.442339830778442	5.447377199288155	1.0214933560607704	1.8104363300971198	0.27185444877903964
year_1978_Bin_17_MAG_00001	0.23889414923714525	4.282370281647794	12.323013169183271	0.3193476968717631	0.10836988266817012	0.8150146068153715	0.38402237549530793	0.2048833800509372	0.7216407282316432	0.5936841280765388
year_1978_Bin_19_MAG_00001	0.01992245521155745	0.12857021350748066	0.049021458622034504	0.22809847233862468	0.42619864576677646	0.6037322319124395	0.38420974018969223	0.5980729974857067	0.12112794682643079	0.006799171859830223
year_1978_Bin_19_MAG_00002	0.014971111836725882	0.676103916430767	1.351757711830789	1.8502575782517061	0.8020530700251237	1.6846551365879854	0.6791819023280541	0.1348716966162664	0.011649175452752134	0.0038767618271459683
year_1978_Bin_19_MAG_00003	0.016707722939911084	0.07986429890600479	0.06879036876345461	0.32304061191961164	0.2608827447854317	0.06789797282263098	0.06441296511395833	0.03791813275041725	0.07916911535422942	0.009705695090676201
year_1978_Bin_20_MAG_00002	2.537171693174442	2.8678484156849104	2.609321771446268	0.5371812385190716	0.40825545039178335	0.779061862317949	0.28341135768739634	0.1119653016116784	0.47815229703415535	0.004635325411404353
year_1978_Bin_23_MAG_00001	0.09539711476107748	0.6687188505007702	0.3570319516216459	0.11181395751871148	0.0923011788950796	0.1893409198047121	0.13310499197288914	0.12093222801421663	0.18660948870906444	0.25546133164800894
year_1978_Bin_24_MAG_00002	3.194380324920158	0.1732123511306939	0.1415160693584466	2.863697773867215	2.802154848796799	1.819771606601272	0.9936925530329153	0.6756243965517026	0.44146685719008255	0.09401746320385448
year_1978_Bin_27_MAG_00001	0.0628965253079243	0.08358022751203645	0.0548610899279145	0.0847351246659544	0.049315961867929345	0.15054727297930645	0.08123317222949208	0.05913374604850259	0.06503777645036896	0.026917096454956116
year_1978_Bin_31_MAG_00001	0.04963976056151342	0.9600822098545178	0.7897106657992684	0.043470974406164826	0.03498458946111105	0.06527243059925134	0.06845905275843314	0.05178520009324024	0.057957338021753006	0.09047380360742205
year_1978_Bin_33_MAG_00001	0.30131964052316507	0.05071112035570032	0.0599735349047168	0.07186217497647056	0.04751472987605366	0.11158083950704703	0.13724563856999974	0.0860008644674379	0.08409416794271501	0.1645870028943432
year_1978_Bin_35_MAG_00001	3.114245882156698	0.7713215387265098	0.5076801162312891	7.204710278413537	4.7813005590511635	0.974372790884487	0.8837117525510354	0.5754655783695524	0.7579209462687957	0.07688072324503728
year_1978_Bin_36_MAG_00001	0.17111632109708258	0.2724661135891899	0.36084774837605393	0.1023413596401963	0.02456375387838312	0.27707731618342557	0.08243298709036968	0.07002782505070171	0.3190187940866953	0.26253571586352625
year_1978_Bin_37_MAG_00001	0.0904254459886598	0.2246812828226961	0.17721736615340117	0.24915094651674607	0.3149848035772941	0.7762783495400303	0.3390109978868857	0.19617654773892154	0.2645785271585574	0.05282862696801559
year_1978_Bin_37_MAG_00002	0.11743608463131862	0.6562481442798409	0.6940236204794656	2.4835212049867788	2.590822001068895	3.119364287036681	0.9350052571460509	0.4016014210013379	0.05073582579110442	0.0015579316536082186
year_1978_Bin_37_MAG_00003	0.012196228400858294	0.06027912736972468	0.01056424284489446	0.12539183530895448	0.5681294428793714	0.15176331559583917	0.05842712430308886	0.034072093160404104	0.00413270004581808	0.0022410030983909235
year_1978_Bin_37_MAG_00004	0.029384099357090503	0.023765572433428066	0.008167178648589521	0.027194355865578786	0.054931106758060566	0.03426867910680242	0.017121737438463874	0.12894584820802965	0.0030718915371253266	0.0005353378425380862
year_1978_Bin_37_MAG_00005	0.146091603126146	1.5314196450258097	0.08999201930606744	0.2811231755133532	1.1139579139160034	1.125614625693208	0.06901837464629469	0.07077712092214095	0.014342796998497071	0.0004395164774455248
year_1978_Bin_39_MAG_00001	0.3719502109245865	2.589963837643783	1.1123242343308344	0.3299337865291271	0.2568525910700302	0.6131695906162175	0.5875154853463224	0.20990206205242867	1.2813326439390171	0.7151313184357844
year_1978_Bin_3_MAG_00001	0.02288906835111013	0.12884271299758773	0.023442398080655905	0.0986625192569217	0.27619530347076154	0.11516260891531667	0.03352438642899121	0.018378662087325966	0.024963318590962697	0.03698310626417683
year_1978_Bin_3_MAG_00002	0.030930271547784514	0.6779322131063314	0.021466390485822297	0.051395596610114495	0.032706878741826796	0.045318356111042006	0.010304321725445233	0.01400626274316804	0.0050134394790782195	0.0003683012173950666
year_1978_Bin_40_MAG_00001	0.049381289624029615	0.7933480209758441	0.4472492181324986	0.10206948707916359	0.03625256793034661	0.07374544512397403	0.04615928652019288	0.023079205606863103	0.01348934795795378	0.005223828993126218
year_1978_Bin_40_MAG_00002	0.03225911370985906	0.14578927211476775	0.15516135248730914	0.28381157288487857	0.26641313424777385	0.20558405559173962	0.08368765261342485	0.06730805977770785	0.12949505741883183	0.0188653163910579
year_1978_Bin_40_MAG_00003	0.04173378076685857	0.05576854396714116	0.05549832323859265	0.048204035036206794	0.032498917724195456	0.0798967478238874	0.052420592713846276	0.03164591167180829	0.04564334541062129	0.062319028720841926
year_1978_Bin_4_MAG_00001	1.6584697010239364	0.32353286064381304	0.34060994972352987	0.24534562507024404	0.4619888799540974	8.171806066232438	3.453602045158702	0.8014637902591906	0.18917752788971398	0.07882260711804027
year_1978_Bin_5_MAG_00002	0.05958650331691295	0.10083155394529247	0.10507295517069752	0.05075883839293461	0.03579772703994297	0.08232236841899193	0.07701552695518385	0.05581948375873158	0.08292235394792358	0.16045830687873777
year_1978_Bin_6_MAG_00001	0.026239178094582916	0.034937169272810806	0.03212670724459669	0.02238094217922686	0.014037234257802365	0.036840697902309864	0.03436983998140112	0.020113211948668996	0.033777119728697576	0.07590508858668356
year_1978_Bin_6_MAG_00002	0.05851007864550688	0.0930200917026638	0.05928815948744266	0.027260548353742177	0.020747781366701145	0.05174179037846235	0.04496042348211283	0.03963585972760143	0.07346090397533722	0.24617572094968027
year_1978_Bin_8_MAG_00001	0.04887730469442493	0.031135771568646282	0.029680474513705056	0.057947004675669406	0.0166323508559092	0.05601945485636726	0.0360684883959788	0.023889872612875444	0.07954510558336124	0.047790511610016115
year_1978_Bin_9_MAG_00001	0.025413976414037517	0.1480373037049107	0.06516691447542619	0.15981882803429945	0.022461912133124224	0.03633495936615272	0.028803949324805997	0.03642916064117971	0.04688932113978451	0.007506823227488441
year_2021_Bin_11_MAG_00001	0.33176366338084023	0.2665025705410037	0.23374148355702407	0.25902905568091095	0.10785299240594458	0.22558112172632824	0.1780425546022621	0.0943165935705574	0.2058602172721112	0.4298044017665589
year_2021_Bin_12_MAG_00001	1.5707282576808341	2.3394124310651745	2.9795510285818585	1.7020031464503413	0.873359807459112	1.4184450121224796	0.9151529885736116	0.46464085907405095	1.0647449771701307	0.12311983335193025
year_2021_Bin_12_MAG_00002	1.536417088684624	1.938469395746765	1.7219807101667812	2.17555763178708	1.019388742241249	2.4243303693718836	4.989739935455428	0.6434031910477407	0.8371876598309134	0.30893148472738063
year_2021_Bin_12_MAG_00003	0.9184992116802264	0.41793387048449127	0.3969627159792071	0.6152729927884337	3.572228499512066	0.46835514210166745	0.3022064481245538	0.3169345875589507	0.38803625577760986	0.1937980376344707
year_2021_Bin_13_MAG_00001	0.006381181819149141	0.010295330647446404	0.014352535861634918	0.015372453015041414	0.011620277119530113	0.012629553715308333	0.006188469497659274	0.003605572657077291	0.0024808263062959393	0.0013588386186033992
year_2021_Bin_14_MAG_00001	0.04032355589953861	0.011933572066426036	0.011463124652914616	0.010565385788219939	0.0090608551235375	0.01235374989744531	0.014495898049492775	0.013515878311568027	0.01601773852324091	0.005395918015053369
year_2021_Bin_15_MAG_00001	6.820461268997594	7.463053404574461	10.180756124357403	3.2072371707737055	4.693941932095309	3.941624695729235	4.926410485180382	0.9326614949342162	1.8967300835171146	0.23333179564588974
year_2021_Bin_16_MAG_00001	0.07989864408712168	0.1451282851407671	0.058338759185192074	0.962100449770614	0.8466501240694789	0.11625865260845952	0.15022938601360414	0.8791950336202784	0.06750099765663209	0.04916871948895977
year_2021_Bin_16_MAG_00002	0.042441451893718805	0.05816262602094585	0.06995676702195056	0.48266041070075144	2.1669367787293146	3.4288770109805444	4.739230253353578	3.092766313690142	0.429181231901614	0.027380635297552136
year_2021_Bin_17_MAG_00001	1.1051863436385578	1.6970632004459043	1.932336181565319	1.3419339477144696	0.8429751126936627	1.314695902983338	0.5235679922940804	0.2354986390177117	0.5293425616771198	0.1978186403164622
year_2021_Bin_17_MAG_00003	1.4334350214649791	1.0089047291772497	1.2089768073186478	0.37741328211801073	0.24002473837717334	0.7894313161414289	0.6392470912938479	0.38144096519513165	0.8718494110147352	2.1263776115875572
year_2021_Bin_17_MAG_00004	2.0975264311343937	0.8884326348811412	0.8762656665169686	0.45855938728557066	0.46103893969052606	1.6959967491627976	0.41811066128630314	0.40390337175729973	5.322965152787376	0.18570539024840893
year_2021_Bin_18_MAG_00001	0.2944569695449955	0.25820112126421363	0.20404971505076955	0.19830068505589962	0.08187195207243601	0.27383402651202937	0.2689721968704127	0.0827727690147266	0.31961264517803867	0.35887563757025587
year_2021_Bin_18_MAG_00002	0.23380912361793207	0.3178581654503679	0.2866940993122409	1.0553552589521746	0.690819373067539	1.6403896276927945	1.8378443039361192	0.32735096470117997	0.25455975920423124	2.843428143357779
year_2021_Bin_1_MAG_00001	0.6680614519455774	0.5368526688679857	0.6012884190275349	0.42584838647021284	0.24095008185576736	0.5441720543485299	0.4237127371273713	0.23217440365529934	0.4461023705800198	1.3771007334646725
year_2021_Bin_20_MAG_00001	0.2755829703680225	0.8982483288162998	0.0418318262704973	16.387843718949103	258.9963326554815	0.06649328618048903	0.05600913853462921	0.06451522911035214	0.0327200020893506	0.020034319957928075
year_2021_Bin_20_MAG_00002	0.0818074182842705	0.045562042128034164	0.0349376668744494	0.11977878087463312	1.4284737595489385	0.05384792947725186	0.07625829732726323	0.11177287482835892	0.02756731160664864	0.01280456864406004
year_2021_Bin_20_MAG_00003	0.038369536940885594	0.0628686071788087	0.016775151646135886	0.0563699019370782	9.353495144236163	0.04904735688037693	0.03254702230053371	0.038460633143060474	0.012133219330614101	0.004378425851512579
year_2021_Bin_22_MAG_00002	0.5036277635067521	0.01746102978345868	0.02026709170251617	0.5231827654152869	0.5171690755470273	0.36058488853125353	0.07499019941609153	0.07680666027049611	0.021885993418134176	0.015531604304003797
year_2021_Bin_22_MAG_00003	6.098940374142793	4.219025792825823	3.4997715714312005	4.558203145940119	0.9911322242701821	6.381735209016807	1.3975411858176396	1.2689752398366623	2.8097642078435943	0.017009327299867635
year_2021_Bin_23_MAG_00001	0.2560048054297128	0.3681899225136202	0.49194764641690447	0.4982988109438612	0.807152774087554	0.3393620416265064	0.4009486378597283	0.2543677651023282	0.2393519715972329	0.025837698725275214
year_2021_Bin_24_MAG_00001	0.16370072403659056	0.09915217096980034	0.08216125048941361	1.5876439495248853	37.10191624954507	0.196461529064624	0.33481773547655447	0.6651983085640556	0.07770044425104027	0.04268981437045014
year_2021_Bin_25_MAG_00001	0.016096268744950952	0.020675112517884887	0.018504706193028134	0.016629364706911808	0.0110431857210494	0.024745340553784356	0.02241346891558333	0.01183983474285607	0.01657962297328478	0.017048393237832676
year_2021_Bin_25_MAG_00002	0.005750849797603798	0.010134725175874871	0.007141572501340185	0.007558325931302005	0.004273243126536941	0.013043021175650132	0.009817019468669787	0.007397011365291767	0.030891594584348547	0.10588838711788794
year_2021_Bin_29_MAG_00001	0.29095116532809007	1.4975243096043878	1.3966813931447604	1.0999245879030264	1.7951282551425212	10.46082486311684	4.031390700630111	3.749880996958363	30.59856607860418	0.01922984743406662
year_2021_Bin_2_MAG_00001	0.19403783750241824	0.9764988447260742	0.9584809516683032	0.7924938221133665	0.8266264176287865	1.7154916210701523	1.0743485386606122	0.6370979810994996	0.35338460583805725	0.041268647727231246
year_2021_Bin_2_MAG_00002	0.49913541128536026	0.8572300077283568	1.080686908103395	1.2937653526199355	4.174850774135666	1.9382417253641202	2.294655752764932	1.6373870844124208	0.4066490998216562	0.10758580981761304
year_2021_Bin_33_MAG_00001	0.23365838485841794	0.24016035171552227	0.23653869922868148	0.2568574414207542	2.968157318945466	0.2238026482854992	0.18653348968766248	0.09840401624968206	0.20657336821342365	0.3008474186724251
year_2021_Bin_34_MAG_00001	0.7606035393489701	0.3682158551525402	0.25008896730962854	1.2868600553519263	11.170862803108834	0.4218615929054305	0.5914680040075588	0.5995088508523502	0.15389980606986445	0.0794561772452001
year_2021_Bin_37_MAG_00001	2.192972234293509	2.575771788404674	2.0121446886302983	0.7105361081915049	0.38592794821629356	0.8327513932011421	1.0647112994701997	0.4262952726153298	2.120850541213389	1.1543177902835642
year_2021_Bin_38_MAG_00001	1.1150975704291797	0.6106380833732106	0.5667832801053581	0.36135902934556124	0.07347893514854338	0.10835485337103161	0.0794777834596861	0.05812577007978038	0.17399792501371183	0.5364513172726414
year_2021_Bin_39_MAG_00001	0.41743784855608995	0.04063099885022274	0.040929021843037885	0.12168301546489084	0.13598493414146856	0.30023564291294497	0.19911348397068546	0.09390386005750251	0.11319163515433724	0.058113801103549564
year_2021_Bin_39_MAG_00002	0.12810279633326108	0.1278229499897877	0.08813280254417917	0.1239827898675575	0.19561927698564555	0.16343318835622017	0.1328981931532877	0.12932952575233767	0.16044802146546758	0.17893584042242597
year_2021_Bin_40_MAG_00001	1.6906468803728631	1.6221396037341624	1.4734417997309412	1.4039886028629809	1.2751054077136783	1.1733605421212714	2.795649622981812	0.5695621768874121	1.8603745356825607	1.3310681293036408
year_2021_Bin_40_MAG_00002	1.5273663867431044	2.630822626617944	3.6538297118708245	1.1540126448612762	0.40461390868118363	1.3497642690508471	0.575368947249787	0.32070679311527944	0.6233337552728561	0.32033204419705463
year_2021_Bin_40_MAG_00003	1.329192376262769	2.2842507507216125	2.8408221277040955	1.0455714807630487	0.6035784889043387	2.258032236099943	0.8826672111630764	0.4054221548726663	0.7185082935859392	0.6572942128412841
year_2021_Bin_43_MAG_00001	1.6213686146867903	0.1573259901294249	0.08835272739019687	2.973910935373908	2.2872785996547984	5.8305074255744325	8.313427442034449	9.217638422483198	1.2957353403361864	0.09481868773339364
year_2021_Bin_44_MAG_00001	0.579633755844705	0.477206651470567	0.335296652319541	1.3236268647392289	0.9329462759677902	2.748695703711298	2.1399849907814246	1.2369746573268854	10.045203857865744	0.18753634169118813
year_2021_Bin_44_MAG_00002	16.550943696343918	1.8072573196405501	3.845359964903012	36.20033428899808	30.87432272651333	50.24978251590558	84.63008311778587	52.52158818518464	22.181557710298534	0.23779732832183875
year_2021_Bin_44_MAG_00003	2.772759912907371	2.628585152826807	2.141895874720739	4.58380847072954	1.0082018583250059	3.2371562100956663	1.638386843672811	1.2251395030007395	6.794624882075001	0.7518498756548248
year_2021_Bin_45_MAG_00001	0.0880552971439978	0.09530433767339207	0.0709360440810362	0.0729928326886645	0.053741652888204254	0.1222309056875233	0.10223211091065906	0.0767429598020421	0.14762307399693422	0.22988972208307754
year_2021_Bin_45_MAG_00002	0.5319635385635719	4.43644273779459	3.0719029882528983	0.20892778843934506	0.09323875840174328	0.2574347857062431	0.18793610011679904	0.10793404146916423	1.0813723178866588	1.985778026094033
year_2021_Bin_45_MAG_00003	1.0356652096084213	0.32119951720773476	0.1261331721434305	0.08266593068704604	0.055066306192141215	0.1086453634255705	0.08760580516883153	0.053647472240416556	0.15772030312512755	0.41464275510342913
year_2021_Bin_45_MAG_00004	0.22874288521771824	5.296016570379969	4.2026520138012256	0.1971784007048563	0.05775239828516082	0.15151546486602718	0.10558844655074082	0.06665828814632926	0.3237794338612597	0.2532556252086344
year_2021_Bin_47_MAG_00001	0.06511229703140653	0.07826033263121672	0.06343679146581413	0.0624224688418406	0.05641146253944203	0.07259414051767918	0.052585898279120497	0.041710722403070444	0.06351241469838124	0.029287698528330266
year_2021_Bin_47_MAG_00002	0.06682059104463946	0.07352951581453326	0.06557074451813484	0.0712452059042034	0.12053340103508768	0.07314806914735328	0.06195438871766912	0.04812741525661809	0.06683224462530617	0.12882762897496353
year_2021_Bin_48_MAG_00001	0.12128098624604784	0.21933169785587134	0.2455412574282855	0.19986538308255028	0.16510823967715557	0.27270081094884263	0.2573249611057481	0.16463294749054583	0.10018982166210563	0.02108348905794727
year_2021_Bin_4_MAG_00001	0.26819362544811787	0.08696095414387614	0.18379816113138422	0.21176489003552834	0.19410667814019647	0.09775953108368667	0.07750893827572754	0.042413262201729696	0.08853388196499182	0.01586092412218667
year_2021_Bin_6_MAG_00001	2.2661847423622543	16.707263476654283	15.745560110457708	21.933179859048085	20.22097937160591	25.45370906829868	14.20968324467121	6.407536816385608	0.7174983258283473	0.3250256341502288
year_2021_Bin_7_MAG_00001	1.7595635810173982	1.1946014405074254	6.397780968999159	10.068404997834781	2.764880307970553	20.293553538222483	11.693503706345366	6.462638032707543	19.290722036834197	0.2619055200346435
year_2021_Bin_7_MAG_00002	5.520210474954313	0.5021102584757458	0.7341703912859928	5.1507204615810975	3.122378689649784	5.4988189523022	8.878507798793544	7.519853799673848	2.062067963364474	0.25984651439152434
