""	SAMPLE_101	SAMPLE_102	SAMPLE_103	SAMPLE_104	SAMPLE_105	SAMPLE_106	SAMPLE_107	SAMPLE_108	SAMPLE_109	SAMPLE_111	SAMPLE_112	SAMPLE_113	SAMPLE_114	SAMPLE_115	SAMPLE_116	SAMPLE_117	SAMPLE_118	SAMPLE_121	SAMPLE_122	SAMPLE_123	SAMPLE_124	SAMPLE_125	SAMPLE_126	SAMPLE_127	SAMPLE_128	SAMPLE_129	SAMPLE_130	SAMPLE_132	SAMPLE_133	SAMPLE_134	SAMPLE_135	SAMPLE_136	SAMPLE_137
year_1978_Bin_0_MAG_00001	0	0,0026633486	0	0,012080846	0	0,008745503	0,048897076	0,05139541	0,015079145	0,014065868	0	0,019113386	0,012217174	0,04805885	0,047402725	0,028422138	0,017079355	0,011088483	0,011976114	0,00888251	0,013793773	0,008908398	0,017888132	0,01171864	0,03429575	0,0074611693	0,006355952	0,055173546	0,045600045	0,03826178	0,014194517	0,04586897	0,06598047
year_1978_Bin_10_MAG_00001	0,0144493375	0,00463573	0,0029015406	0,002911382	0,0059660557	0,0038703296	0,04372831	0,013654183	0,009599833	0,009014109	0,010891945	0,011630384	0,019700011	0,015548294	0,034857485	0,01982914	0,022094833	0,011458767	0,014450572	0,012525338	0,01751919	0,013226527	0,0148741305	0,015341287	0,02246141	0,015108931	0,011974018	0,017331062	0,02110558	0,017108146	0,021637427	0,02679246	0,027355485
year_1978_Bin_10_MAG_00002	0,02323984	0,0049396874	0,004067258	0,0036905112	0,0091847535	0,011420908	0,010090557	0,008879931	0,0057434794	0,0031234804	0,005214261	0,0061492296	0,018602617	0,007098839	0,019567627	0,026080871	0,014474923	0,011074058	0,0113336565	0,010102465	0,011453089	0,012162238	0,0101277605	0,010915581	0,017473202	0,014084511	0,009252762	0,013725417	0,016436746	0,012092423	0,01889249	0,020832254	0,020365108
year_1978_Bin_11_MAG_00001	0,021825772	0,014111589	0,013628338	0,017580247	0,0129484385	0,022405954	0,053168762	0,021279108	0,025519548	0,029074375	0,018442463	0,016518263	0,033769965	0,014224684	0,04037126	0,03521194	0,018478163	0,011591575	0,013817809	0,010487881	0,012525978	0,01159089	0,01364663	0,015479748	0,026448622	0,01521419	0,01414018	0,020291302	0,037396014	0,028736487	0,00917107	0,04725621	0,049473803
year_1978_Bin_11_MAG_00002	0,013409462	0,0032305494	0,012739551	0,015537543	0,017370164	0,028310994	0,04396253	0,022491064	0,023153674	0,027333792	0,022226008	0,012298773	0,008837814	0,021389997	0,033428997	0,039536126	0,016297493	0,009276834	0,013572001	0,010820324	0,018046817	0,012158004	0,0151727395	0,016087238	0,020577887	0,017542979	0,013564683	0,031766057	0,04122578	0,02191008	0,013590729	0,037148062	0,043765046
year_1978_Bin_12_MAG_00001	0,010865276	0,018682012	0,022174995	0,016786573	0,026184412	0,014608125	0,024871925	0,021433553	0,020940298	0,026046578	0,025177311	0,010157194	0,008023755	0,018516304	0,030255344	0,015006305	0,014371453	0,022171319	0,013997644	0,015864218	0,023500634	0,015948541	0,017970862	0,016427321	0,027962735	0,02569843	0,018362125	0,020221552	0,023076264	0,023165079	0,017372126	0,031253327	0,02923016
year_1978_Bin_13_MAG_00001	0,020798093	0,030231304	0,033411294	0,042427175	0,039812528	0,040460277	0,032051113	0,023702238	0,037972122	0,032912128	0,039661683	0,03215426	0,030541243	0,037415225	0,032056525	0,029816331	0,009034667	0,008955908	0,0121096065	0,01042833	0,016365802	0,009177383	0,014387214	0,013494959	0,013507902	0,009868613	0,007866345	0,017898515	0,01249147	0,014284931	0,013216262	0,017881926	0,026477484
year_1978_Bin_13_MAG_00002	0,0059848605	0,0041965456	0,01698847	0,0031061221	0,013421126	0,015818374	0,020836692	0,0045858882	0,0046401136	0,0060118246	0,006728014	0,0041855494	0,014822354	0,007891207	0,006925118	0,0147641525	0,008998297	0,004446927	0,00967394	0,008809409	0,009050361	0,0077377623	0,0077558253	0,007824581	0,013018152	0,006547204	0,006731536	0,019755477	0,017610045	0,009473966	0,017817667	0,022077816	0,018642578
year_1978_Bin_13_MAG_00003	0,011376354	0,0040286225	0,0048557254	0,0046332544	0,0039522	0,002243232	0,008800655	0,007518006	0,004138531	0,0016710599	0,0026020913	0,0044316244	0,0051486767	0,004549969	0,024790414	0,040738378	0,012125132	0,006011224	0,016345046	0,009907613	0,017102513	0,011575675	0,01644418	0,0177588	0,035494145	0,010545624	0,009068575	0,035631314	0,03043139	0,03087894	0,031041289	0,036247447	0,04907676
year_1978_Bin_13_MAG_00004	0	0,025688069	0	0,073556095	0,05038865	0,062423564	0,06451436	0,023737649	0,06840004	0,037229355	0	0,07688434	0	0,035370585	0,04347055	0,061954305	0,0159109	0,01305748	0,0125542795	0,011823466	0,016902274	0,01022866	0,014742166	0,0139850965	0,04506427	0,027265811	0,027003419	0,040506244	0,06619712	0,035273366	0,04324711	0,041601703	0,070502415
year_1978_Bin_14_MAG_00001	0	0,012654643	0,008485361	0,0034230028	0,012099311	0,004795781	0,016241057	0,01065488	0,0045570387	0,0022326657	0,005222618	0,0043009603	0,008376671	0,009755781	0,046316613	0,040582217	0,019714553	0,007866269	0,010393058	0,010502496	0,012356936	0,011160382	0,010504702	0,010376554	0,01744515	0,012234646	0,010593226	0,014449432	0,013137561	0,013370027	0,019834507	0,028144402	0,021982914
year_1978_Bin_15_MAG_00002	0	0,008629774	0,05444475	0,04127498	0,031541303	0,048338808	0,01605108	0,03855634	0,013542946	0,016779868	0	0,022996183	0,006081677	0,02370108	0,012045569	0	0,017288905	0,015534616	0,017387526	0,020987585	0,030086445	0,012845457	0,019184899	0,021929026	0,035664763	0,014038473	0,013843826	0,024683742	0,03142764	0,022352004	0,021782074	0,027417194	0,02391405
year_1978_Bin_15_MAG_00007	0,025393313	0,043251168	0,043337643	0,036074612	0,0732146	0,012086224	0	0,03074787	0	0,010018284	0,044583313	0,021864822	0,024976686	0,06905877	0,026202677	0,019879894	0,018358458	0,020830052	0,016085852	0,01671362	0,023057953	0,014664073	0,020354763	0,022720885	0,022504177	0,018711464	0,011860508	0,019799447	0,019597527	0,03620088	0,025532786	0,039090928	0,040787213
year_1978_Bin_17_MAG_00001	0,011195852	0,0039646416	0,0023605938	0,019354481	0,016899241	0,029453773	0,043234546	0,026699362	0,032872133	0,020685157	0,0238537	0,029781133	0,018263655	0,0306865	0,026710663	0,022180563	0,035021216	0,018328717	0,012823365	0,013556462	0,018005969	0,014156694	0,019829232	0,020473775	0,024503281	0,00981902	0,008985266	0,030111734	0,025321994	0,028861087	0,02756286	0,03546089	0,033827588
year_1978_Bin_19_MAG_00003	0	0	0	0,004893158	0,016925447	0,014663969	0,049830038	0	0,04528399	0	0	0,004419126	0,011838637	0,0052550565	0	0	0,03644859	0,031553034	0,051080473	0,042782888	0,025099453	0,03854166	0,031112019	0,019090207	0,021230783	0,014121839	0,013102675	0,020075072	0,013702705	0,021071864	0,018380523	0,042091787	0,08034219
year_1978_Bin_24_MAG_00002	0	0,027429584	0,011687882	0,01229021	0,020767512	0,025661705	0,023332655	0,015641676	0,0050632125	0,01132047	0,009553497	0,02099168	0,026097355	0,013135407	0,015530941	0,008961459	0,046019178	0,01629871	0,012012091	0,020454336	0,016585147	0,028464682	0,011476094	0,012185303	0,017946577	0,017171068	0,01468167	0,017560288	0,01676443	0,016277973	0,012653155	0,02135234	0,018469768
year_1978_Bin_3_MAG_00001	0	0,005147308	0,0047978535	0,008201416	0,008167371	0,005332825	0,014836456	0,015631203	0,024621658	0,040327925	0	0,01161954	0,007343565	0,05018946	0,04077812	0,08099575	0,07722893	0,0172545	0,016623873	0,016208882	0,01972406	0,015296554	0,017857414	0,018388003	0,027856257	0,027282696	0,019232195	0,023608439	0,02481373	0,025694326	0,026898867	0,032776613	0,038669176
year_1978_Bin_33_MAG_00001	0	0,040109936	0	0,0020974097	0,0035697287	0,0023585707	0,005534836	0,01465335	0,009810281	0,0030610056	0	0,002960325	0,011907966	0,008829065	0	0,027574856	0,01576731	0,0077842795	0,013962708	0,012003082	0,014176297	0,010331041	0,014617847	0,014896202	0,030365672	0,015881604	0,013430484	0,023242237	0,030403726	0,021605598	0,015378074	0,03455882	0,034275744
year_1978_Bin_35_MAG_00001	0	0,0059773596	0,005194303	0,0051052216	0,011441189	0,009069686	0,021757169	0,0126138525	0,008882452	0,004026375	0,009240854	0,008970171	0,01268233	0,0098316	0,01782039	0,0030119577	0,033214387	0,019553035	0,016771566	0,016003732	0,023946043	0,015102688	0,01790566	0,016465535	0,028120814	0,019665295	0,017389946	0,02577607	0,025780499	0,02266428	0,026758034	0,023990598	0,021204177
year_1978_Bin_36_MAG_00001	0	0,020497095	0,022361517	0,008579036	0,011030816	0,019572398	0,01485454	0,036513615	0,030327674	0,0049876547	0,012820525	0,007954482	0,008662632	0,012015418	0,014884209	0,018667256	0,020896036	0,032542706	0,015352903	0,016083103	0,016964125	0,012703383	0,021008609	0,016888507	0,020380758	0,010896178	0,010595174	0,020370532	0,0184296	0,015482402	0,015321091	0,027644511	0,02510794
year_1978_Bin_37_MAG_00001	0	0,01692215	0	0,028295124	0,019558832	0	0	0,030388664	0,021898275	0,007942832	0,034225088	0,012910515	0,025303299	0,027258541	0,010355135	0,006436192	0,027986499	0,019836506	0,016507592	0,018139431	0,019018695	0,013765501	0,018389892	0,019598816	0,01989264	0,0118724955	0,010440964	0,019489584	0,017322063	0,020447304	0,01923599	0,024789901	0,021888357
year_1978_Bin_39_MAG_00001	0,012903954	0,017872034	0,026934905	0,00897333	0,01471922	0,014739519	0,039565556	0,016205799	0,016749267	0,009203869	0,013178699	0,008832955	0,0056097135	0,023316981	0,024513215	0,022662435	0,00980354	0,013273929	0,014568971	0,009259805	0,026163105	0,006645832	0,017345682	0,020969184	0,022294655	0,010562466	0,008428982	0,021872971	0,028191565	0,021003874	0,02355297	0,032829307	0,028419353
year_1978_Bin_4_MAG_00001	0	0,016216148	0,01809276	0,0054895286	0,013741952	0,006510621	0,015111893	0,020599362	0,03089463	0,006274413	0,019650428	0,005286493	0,0096313385	0,014185157	0,02950614	0,04352601	0,018337086	0,006777141	0,0103070745	0,008998219	0,00965451	0,011723473	0,012170135	0,012014304	0,019210834	0,021370048	0,02601753	0,019346064	0,02242126	0,031572677	0,019017208	0,023364684	0,0539248
year_1978_Bin_40_MAG_00001	0	0	0	0,009209694	0	0,028816659	0	0	0,039880853	0	0	0	0	0	0	0,027483286	0	0,011964037	0,015172852	0,015839301	0,019959737	0,014694556	0,018861528	0,016487848	0,024199087	0,014204192	0,016037311	0,020697875	0,035238866	0,017737288	0,03015699	0,0332323	0,019406062
year_1978_Bin_40_MAG_00002	0	0	0	0,010999669	0,04398768	0,022857988	0	0	0,03690071	0,033552535	0	0,02922823	0	0,012619622	0	0,00788024	0,02252683	0,051605612	0,01198698	0,02753383	0,020344008	0,010079139	0,032856565	0,05057199	0,020659959	0,006259625	0,005016433	0,01815539	0,015965972	0,024077749	0,018048545	0,01361163	0,019942045
year_1978_Bin_5_MAG_00002	0,0020182114	0,0030304792	0,0015017184	0,0018872193	0,002442948	0,0021379152	0,015449616	0,003641768	0,005913491	0,0036424897	0,0033647937	0,004471713	0,0037504563	0,017756494	0,032377504	0,03623654	0,009743561	0,007606753	0,010675297	0,00677903	0,012600891	0,010667415	0,015327291	0,014965813	0,029966867	0,01877126	0,011118622	0,02407459	0,029093958	0,028581616	0,01223148	0,032964397	0,034356374
year_1978_Bin_8_MAG_00001	0	0,0053848885	0,0070107644	0,006776814	0,013819867	0,007518168	0,055483583	0,008765281	0,00899655	0,004784899	0,011748335	0,021631416	0,026945245	0,021973321	0,035021544	0,041115195	0,021357095	0,0055447053	0,005639738	0,005385125	0,01341997	0,009659329	0,005410599	0,004413176	0,023436964	0,0070588393	0,005752031	0,0333982	0,016881065	0,015380298	0,030666424	0,033089597	0,042993724
year_2021_Bin_1_MAG_00001	0,010057739	0,01017047	0,013692829	0,007920691	0,0060020327	0,010035081	0,023802835	0,01080217	0,0062745283	0,0032877997	0,0077650645	0,011823088	0,0062573557	0,02441443	0,017270556	0,018141106	0,016521193	0,019018477	0,026537761	0,025854627	0,027127244	0,022610307	0,024807626	0,022592423	0,027613945	0,027257042	0,018972225	0,031078927	0,02500349	0,02291008	0,033384845	0,027043749	0,029360907
year_2021_Bin_11_MAG_00001	0,024116134	0,005103925	0,02092744	0,011527676	0,008344496	0,013844391	0,020076897	0,018133719	0,013995769	0,0032985215	0,0035048034	0,014283903	0,0060271537	0,013467864	0,016097143	0,012605551	0,020297816	0,014711904	0,027746739	0,017602205	0,030508254	0,0156523	0,020141687	0,028059604	0,027850874	0,029192463	0,02595678	0,028376756	0,026684659	0,030368287	0,02194331	0,031426344	0,031780224
year_2021_Bin_12_MAG_00001	0,02208713	0,016865639	0,026655119	0,029813083	0,023601256	0,02073809	0,02513226	0,01685303	0,0045448067	0,007321477	0,013579597	0,01693992	0,022271553	0,024606742	0,019731684	0,028055334	0,023696719	0,029986305	0,026437016	0,025581308	0,03471352	0,025279747	0,024545154	0,02852306	0,036209017	0,025895363	0,023697397	0,03728596	0,03524375	0,03511495	0,025441164	0,044448946	0,04486074
year_2021_Bin_12_MAG_00002	0,021619944	0,01432197	0,024965247	0,021721562	0,031067148	0,023363562	0,024244	0,0047870427	0,009635633	0,0073428084	0,013751024	0,015530517	0,015091484	0,026288345	0,025695512	0,030189022	0,022287278	0,029860651	0,0337105	0,033442374	0,031781357	0,029032264	0,020159023	0,029457226	0,033479203	0,027203673	0,022664832	0,03157266	0,03562943	0,03020706	0,022106737	0,036799844	0,034909356
year_2021_Bin_12_MAG_00003	0,038295787	0,019055057	0,015518925	0,024715621	0,005975798	0,015568515	0,0108207865	0,022113388	0,017674008	0,0037439773	0,010667905	0,0051274933	0,008123431	0,044488363	0,014083802	0,014512935	0,023105899	0,02953582	0,028765623	0,02451773	0,037158895	0,028643709	0,027595745	0,027395166	0,023802115	0,0066398974	0,007081759	0,027137306	0,02546525	0,03240699	0,022827605	0,03292596	0,038258318
year_2021_Bin_15_MAG_00001	0,023095654	0,02342137	0,025439026	0,021810194	0,02784668	0,017156927	0,024416858	0,016973494	0,030560551	0,012689518	0,026388384	0,018156365	0,015061155	0,03210664	0,022574333	0,015239178	0,018147148	0,026224025	0,0180018	0,020027855	0,026885401	0,022339685	0,017569365	0,018139346	0,026180694	0,027634988	0,019281564	0,022559829	0,02384166	0,025882835	0,017330905	0,02824498	0,028481955
year_2021_Bin_16_MAG_00001	0	0,040028892	0,051720206	0,036802586	0,020934837	0,04378789	0,04314362	0,035143033	0,025401605	0,032385103	0,038182292	0,03466866	0,040408373	0,021260515	0,005077873	0,0029022396	0,040084545	0,04123841	0,013712836	0,038432837	0,0330383	0,03861306	0,034106884	0,028812226	0,014297644	0,020334689	0,013728234	0,012613468	0,013081193	0,01203807	0,023398118	0,015789645	0,01398123
year_2021_Bin_16_MAG_00002	0	0,028249083	0,030801218	0,031697173	0,042710938	0,040750653	0,022824218	0,033248354	0,014768101	0,021744698	0,036885433	0,022256	0,024390567	0,009985332	0,003441089	0,0029944042	0,037185974	0,027700605	0,023311904	0,03629724	0,03670142	0,027360074	0,025246525	0,0229976	0,013249988	0,017755574	0,014177441	0,012655712	0,015995074	0,014370829	0,013910129	0,017615533	0,019998368
year_2021_Bin_17_MAG_00001	0,002521383	0,0033428501	0,0041405186	0,0086550135	0,0057462496	0,0067910054	0,016370071	0,0031865842	0,00398114	0,0021981236	0,004242341	0,018954726	0,022532722	0,014477448	0,013076068	0,026947556	0,013126459	0,009218746	0,015289849	0,009816421	0,013245988	0,014598233	0,011014728	0,013471968	0,019608209	0,009193816	0,009464219	0,015512221	0,014065808	0,015494942	0,012430892	0,019575085	0,017884905
year_2021_Bin_17_MAG_00003	0,017612543	0,0072151055	0,0048015863	0,01023903	0,006946546	0,0053829555	0,021721443	0,01856828	0,0104916785	0,012997567	0,00873847	0,0058759437	0,012472216	0,009911571	0,019903375	0,013226864	0,023226732	0,016979849	0,01644262	0,015944967	0,019868711	0,015598637	0,017025547	0,017204884	0,017024757	0,020267725	0,01691934	0,0197323	0,02778355	0,017651832	0,015494297	0,035468306	0,03072357
year_2021_Bin_17_MAG_00004	0,010279226	0,0040437668	0,010304235	0,007360718	0,0077912253	0,0032521056	0,011316206	0,006923484	0,0049606278	0,007021491	0,008844254	0,013541963	0,01487647	0,015123235	0,023879493	0,017273838	0,016599461	0,011564193	0,011458296	0,008525574	0,010777661	0,009793058	0,010373341	0,011040715	0,015916174	0,012081879	0,011177595	0,013694748	0,010966206	0,011378231	0,010292088	0,011372047	0,013181029
year_2021_Bin_18_MAG_00001	0,02046118	0,008426171	0,010848816	0,007479378	0,0123909665	0,009098336	0,027674539	0,0023795837	0,011928184	0,011407606	0,009464659	0,018702976	0,022780469	0,025422037	0,017533112	0,01530691	0,014257182	0,023230417	0,02257545	0,027895715	0,020809732	0,027724778	0,017346049	0,018429486	0,030878035	0,034099903	0,031645503	0,019664425	0,024463862	0,0247699	0,029986506	0,034750845	0,031984497
year_2021_Bin_18_MAG_00002	0,03691371	0,0137798255	0,025809534	0,023875896	0,029458191	0,029730132	0,026360922	0,002808778	0,0094694495	0,0065165623	0,015575682	0,0295364	0,01902989	0,030326577	0,027063208	0,030403946	0,027087988	0,028599776	0,030652072	0,033808485	0,035584178	0,031493645	0,032040164	0,03353816	0,034586594	0,03592624	0,026332466	0,038809247	0,031631827	0,030284747	0,03111241	0,03406006	0,03916674
year_2021_Bin_2_MAG_00002	0,025560874	0,017514162	0,015262812	0,02489101	0,030152405	0,035583418	0,032776948	0,027873304	0,024610573	0,023807999	0,01905262	0,014429433	0,006698216	0,013575479	0,0072769416	0,0049510286	0,026838675	0,025611578	0,025216326	0,033314668	0,030176895	0,034969	0,037889123	0,029961022	0,028733758	0,022734117	0,02309977	0,031283483	0,028142398	0,026419008	0,022725292	0,030439278	0,026061565
year_2021_Bin_20_MAG_00001	0	0,035269294	0,027452376	0,03280019	0,040350746	0,0343956	0,04681674	0,06507129	0,00765866	0,03138117	0,05132066	0,023312826	0,017043322	0,03108071	0,007079484	0,003085775	0,029723644	0,0422652	0,031986553	0,037268616	0,067481115	0,039053448	0,031308934	0,041183174	0,055145063	0,049785018	0,048325878	0,054194666	0,041313317	0,037628297	0,027999783	0,050693262	0,028527072
year_2021_Bin_20_MAG_00002	0	0,03682479	0,026367906	0,03407444	0,039206754	0,031277314	0,04667705	0,047964003	0,02811878	0,026588244	0,043465417	0,023545364	0,025729299	0,03457564	0,010690498	0,02052144	0,043147366	0,029192718	0,035612278	0,0348083	0,07441781	0,04154596	0,048611373	0,04652802	0,06061163	0,05180438	0,04867471	0,041744318	0,046479784	0,048967496	0,03397377	0,06813772	0,041421436
year_2021_Bin_20_MAG_00003	0	0,052032206	0,028987464	0,027056787	0,037921686	0,040476087	0,03716795	0,040985752	0,026555974	0,032335836	0,0242083	0,031652324	0,030363055	0,038626708	0,0203556	0,024924336	0,04195119	0,038034823	0,042095955	0,052114476	0,070162125	0,037933886	0,044435434	0,049907357	0,04558186	0,04687807	0,04753449	0,055166606	0,037559602	0,050913863	0,025529817	0,05297859	0,03623477
year_2021_Bin_22_MAG_00003	0,01119775	0,006474638	0,0059786243	0,0048568314	0,011708421	0,0060782777	0,003326141	0,008949931	0,0098052975	0,008789337	0,008860093	0,0058980105	0,0068938765	0,011849161	0,017002638	0,023234861	0,011986862	0,0065110633	0,015478744	0,011847555	0,016664023	0,011908499	0,018036937	0,017794633	0,02062886	0,016964167	0,018704144	0,018306546	0,015488776	0,01465939	0,030828102	0,017141232	0,044527322
year_2021_Bin_24_MAG_00001	0	0,023840025	0,031248644	0,041333266	0,032813355	0,043085884	0,03316237	0,044930022	0,021054069	0,032786705	0,027168835	0,021733528	0,024955068	0,032320715	0,012551673	0,003912341	0,03880813	0,032697294	0,025419205	0,031575307	0,061347462	0,040120136	0,04333923	0,04917623	0,026887955	0,04378041	0,037248634	0,023036975	0,022285655	0,020487016	0,025271583	0,029173378	0,033748392
year_2021_Bin_25_MAG_00001	0	0,036128465	0	0,010864886	0,027468221	0,0141434185	0,037176635	0,03407519	0,04051732	0,026817698	0,044686135	0,038424704	0	0,04073622	0,0327601	0,03746615	0,027299235	0,03946426	0,032832786	0,03035282	0,04595532	0,015387038	0,027738824	0,038651362	0,04415344	0,043747045	0,040058974	0,049972504	0,04361414	0,03752385	0,036075253	0,044246655	0,028291177
year_2021_Bin_33_MAG_00001	0,029439239	0,016776163	0,027644174	0,009065201	0,018269634	0,02006455	0,020754378	0,021679683	0,005702042	0,0030564298	0,0054641976	0,016840402	0,024999097	0,014418806	0,0021417227	0,002565585	0,023074036	0,027673805	0,029024677	0,030807838	0,033391923	0,03170211	0,026265252	0,02894829	0,020146366	0,02050794	0,012092162	0,02258343	0,022415517	0,026349662	0,02376335	0,01917024	0,0337054
year_2021_Bin_34_MAG_00001	0,06131608	0,032585118	0,023778697	0,038974673	0,04099593	0,037133403	0,032316986	0,040499095	0,020834906	0,026490234	0,03303213	0,016367475	0,026033334	0,032370105	0,004177992	0,020626163	0,024450853	0,029868528	0,03307991	0,03861251	0,06610415	0,035844453	0,029944757	0,023304097	0,04799244	0,04454513	0,035690024	0,04958259	0,041013792	0,037518457	0,030456532	0,046926264	0,038861882
year_2021_Bin_37_MAG_00001	0,004301287	0,0097757615	0,012129761	0,008267995	0,014319097	0,00909915	0,01888931	0,005943226	0,011110118	0,0047851303	0,005161142	0,011293679	0,0177763	0,022734553	0,021654561	0,021737315	0,01639217	0,01290591	0,017725896	0,017086362	0,022653295	0,017521895	0,017211221	0,016923318	0,030618062	0,02689028	0,01873222	0,027194098	0,028975654	0,027276209	0,02052658	0,027909659	0,0315053
year_2021_Bin_38_MAG_00001	0,009676497	0,005170661	0,0026422765	0,0041658976	0,005160665	0,0038457015	0,024421576	0,004709774	0,0041854014	0,0020689836	0,0021694575	0,004684719	0,0057326895	0,007789647	0,021239972	0,031754673	0,017088352	0,009310469	0,01719382	0,014106352	0,01632578	0,012390167	0,016494216	0,016225135	0,022074439	0,013501803	0,01135889	0,019658208	0,02342897	0,020626033	0,016649976	0,040538713	0,035101816
year_2021_Bin_40_MAG_00001	0,012491301	0,008264732	0,007967472	0,002326132	0,009290145	0,0069743725	0,027755901	0,009278066	0,012723233	0,0041826977	0,0068177674	0,01138947	0,00929683	0,017563403	0,019351711	0,009816253	0,010706155	0,008696189	0,013953045	0,012651048	0,01194303	0,012215763	0,008075393	0,0075613703	0,015952775	0,018052932	0,0143782785	0,014495053	0,020287097	0,010832086	0,017924543	0,024837274	0,013380601
year_2021_Bin_40_MAG_00002	0,016705992	0,005622429	0,006721249	0,0044195466	0,0059634033	0,005911027	0,01824129	0,013859939	0,0135307675	0,0058114347	0,004976382	0,0064254417	0,005815371	0,01772193	0,018543327	0,020071568	0,016312227	0,015793255	0,013454507	0,017079111	0,019571463	0,016839614	0,012772814	0,012179868	0,02339042	0,018093642	0,011563167	0,024070198	0,02328829	0,021698141	0,014684528	0,024668446	0,02661544
year_2021_Bin_40_MAG_00003	0,011690384	0,006958136	0,006334392	0,005353601	0,0056906613	0,0059644007	0,0192909	0,019439546	0,01986307	0,006788321	0,0042692213	0,014020169	0,0026832002	0,014609936	0,018395547	0,01617311	0,013572588	0,015236675	0,012869256	0,016105965	0,017372789	0,01422135	0,011877026	0,009686137	0,0199413	0,01978409	0,013715204	0,01977815	0,020397551	0,018726362	0,011321126	0,02030932	0,021786777
year_2021_Bin_43_MAG_00001	0	0,0044754334	0,018459	0,011844995	0,0118580535	0,015129691	0,010154537	0,0068546934	0,0054019256	0,0023971125	0,005848282	0,024968352	0,018050762	0,012187898	0,005017494	0,036121916	0,035740383	0,03430651	0,038088936	0,029256927	0,029521393	0,035047673	0,03145614	0,03070319	0,015544158	0,020294482	0,020890573	0,023566425	0,009486507	0,026879622	0,025869338	0,030844992	0,053319108
year_2021_Bin_44_MAG_00001	0	0,034520682	0,018392086	0,008908613	0,024961434	0,013671566	0,010222622	0,04083268	0,01912032	0,032584403	0,041314468	0,018102301	0,005876439	0,009269416	0,006342898	0,003507222	0,038800858	0,04264804	0,025630478	0,03613936	0,025046859	0,03721903	0,030038813	0,023301141	0,022107547	0,026442425	0,02280957	0,022035437	0,021072453	0,01758364	0,012768834	0,023435524	0,02164851
year_2021_Bin_44_MAG_00002	0	0,004792513	0,009123482	0,011937983	0,006552662	0,004846751	0,0075489003	0,008265304	0,0054959212	0,0020387385	0,0028793598	0,003649913	0,0046082074	0,006967354	0,0025046142	0,0031154524	0,027237402	0,020261757	0,013097403	0,012664147	0,016949503	0,011867688	0,012875022	0,013437387	0,015262286	0,014327655	0,011389414	0,017364213	0,016392844	0,0160695	0,0125277	0,019198697	0,015033653
year_2021_Bin_44_MAG_00003	0,02706271	0,02212683	0,029402163	0,017912759	0,036145512	0,024035843	0,014898933	0,024554802	0,02067898	0,010713428	0,018694233	0,026870057	0,023427816	0,040789843	0,007858217	0,008822107	0,020566728	0,014890524	0,018608542	0,016734978	0,025351342	0,016901365	0,019318199	0,01896828	0,02586427	0,019442257	0,0146881	0,025740182	0,025280155	0,022016393	0,018702703	0,023061406	0,020258272
year_2021_Bin_45_MAG_00001	0,00971143	0,005235674	0,007912646	0,0041262107	0,011226171	0,010506651	0,03723121	0,0019987435	0,0039756154	0,0032505046	0,0069422787	0,035844713	0,034889515	0,030872274	0,036453042	0,032076076	0,008694128	0,010197123	0,013594623	0,011282157	0,022013728	0,015807502	0,015569144	0,0144051295	0,036075957	0,020838123	0,012959798	0,039466303	0,03714607	0,04503349	0,035365004	0,051196948	0,042843275
year_2021_Bin_45_MAG_00002	0,0051989383	0,004255258	0,0049097394	0,006708515	0,013399456	0,007446105	0,053621672	0,004725936	0,008571193	0,002466821	0,003739915	0,017382067	0,012791407	0,033844627	0,03316626	0,03785259	0,018865563	0,013013908	0,014569751	0,012690321	0,019483887	0,012118104	0,01635609	0,016492026	0,02585394	0,011581071	0,011302986	0,024486864	0,019958975	0,018370364	0,018220952	0,043648504	0,05145224
year_2021_Bin_45_MAG_00004	0,0060452768	0,005371663	0,010506473	0,018787922	0,017321348	0,010883286	0,041173864	0,006794419	0,010867529	0,0035513823	0,005826469	0,03032301	0,028119002	0,044136483	0,041972943	0,03423453	0,017144045	0,015476766	0,017069396	0,016071284	0,022360323	0,014307845	0,01891374	0,018064862	0,030990504	0,016046615	0,015425924	0,031576976	0,026089702	0,030708138	0,021639818	0,04888197	0,045429297
year_2021_Bin_47_MAG_00001	0	0,04423874	0	0,027984275	0,054746017	0,020228354	0,007118982	0,03364992	0,006194898	0,0015336664	0,010076571	0,0040576938	0,003948978	0,0070299697	0,0016080393	0,0062131677	0,02731185	0,060480908	0,030878093	0,05055764	0,05278857	0,060265344	0,05150227	0,028769376	0,02282528	0,01483544	0,012971113	0,021565385	0,031098463	0,023598306	0,036748957	0,06891165	0,06457486
year_2021_Bin_47_MAG_00002	0,020104216	0,00855175	0,011338883	0,038819704	0,005444632	0,026762929	0,04648591	0,029140465	0,02083357	0,008395768	0,014113848	0,018806977	0,03321511	0,033131715	0,0313356	0,017992327	0,014730748	0,036940403	0,02268841	0,037200317	0,047302138	0,026560135	0,035527878	0,033090338	0,03615552	0,031382173	0,013441728	0,04486661	0,04837758	0,04250458	0,037983183	0,042240057	0,049308334
year_2021_Bin_48_MAG_00001	0,02513516	0,019216912	0,038303446	0,030423352	0,021415308	0,01888111	0,036708526	0,018658115	0,02950432	0,027337924	0,02953942	0,009944099	0,009893071	0,02059693	0,015599027	0,021717882	0,018832752	0,03473266	0,025500227	0,03515776	0,04122567	0,029934926	0,022322733	0,023318889	0,037479132	0,03803929	0,03220637	0,03562574	0,041914474	0,03460451	0,027404835	0,036434148	0,042237554
year_2021_Bin_6_MAG_00001	0,0136759095	0,020252202	0,015894528	0,015996221	0,020588946	0,0085354345	0,02020714	0,02131392	0,018128043	0,020104527	0,028219884	0,0060467143	0,005433989	0,012507668	0,021702604	0,016458396	0,02622239	0,026109481	0,018790126	0,02194661	0,025024528	0,021050366	0,022110572	0,018981189	0,027469287	0,025002884	0,024106782	0,025966331	0,026577398	0,028594702	0,020190412	0,029181195	0,030519256
year_2021_Bin_7_MAG_00002	0,030575542	0,017334383	0,010340423	0,004832974	0,010707212	0,0037638815	0,0142487325	0,015178974	0,02211554	0,006206884	0,011056742	0,0098112505	0,016593514	0,013358382	0,009192267	0,00637256	0,025563683	0,025982043	0,026894286	0,02895179	0,01762471	0,027794532	0,0225105	0,021610502	0,016058568	0,020601206	0,016162703	0,013663025	0,016640041	0,014000366	0,016881796	0,010329821	0,011117023
